Letter Freq  Freq% AvgFreq%  Diff
  A      6    14.3    8.2     6.1
  B      0     0.0    1.5    -1.5
  C      2     4.8    2.8     2.0
  D      2     4.8    4.3     0.5
  E      0     0.0   12.7   -12.7
  F      0     0.0    2.2    -2.2
  G      0     0.0    2.0    -2.0
  H      3     7.1    6.1     1.0
  I      2     4.8    7.0    -2.2
  J      2     4.8    0.2     4.6
  K      4     9.5    0.8     8.7
  L      6    14.3    4.0    10.3
  M      0     0.0    2.4    -2.4
  N      0     0.0    6.7    -6.7
  O      0     0.0    7.5    -7.5
  P      2     4.8    1.9     2.9
  Q      0     0.0    0.1    -0.1
  R      0     0.0    6.0    -6.0
  S      0     0.0    6.3    -6.3
  T      2     4.8    9.1    -4.3
  U      0     0.0    2.8    -2.8
  V      4     9.5    1.0     8.5
  W      0     0.0    2.4    -2.4
  X      3     7.1    0.2     6.9
  Y      4     9.5    2.0     7.5
  Z      0     0.0    0.1    -0.1
The most frequent letter is L at 14.3%