Letter Freq  Freq% AvgFreq%  Diff
  A      1     3.1    8.2    -5.1
  B      1     3.1    1.5     1.6
  C      1     3.1    2.8     0.3
  D      1     3.1    4.3    -1.2
  E      1     3.1   12.7    -9.6
  F      1     3.1    2.2     0.9
  G      1     3.1    2.0     1.1
  H      2     6.3    6.1     0.2
  I      1     3.1    7.0    -3.9
  J      1     3.1    0.2     2.9
  K      1     3.1    0.8     2.3
  L      2     6.3    4.0     2.3
  M      1     3.1    2.4     0.7
  N      1     3.1    6.7    -3.6
  O      4    12.5    7.5     5.0
  P      1     3.1    1.9     1.2
  Q      1     3.1    0.1     3.0
  R      1     3.1    6.0    -2.9
  S      1     3.1    6.3    -3.2
  T      2     6.3    9.1    -2.8
  U      1     3.1    2.8     0.3
  V      1     3.1    1.0     2.1
  W      1     3.1    2.4     0.7
  X      1     3.1    0.2     2.9
  Y      1     3.1    2.0     1.1
  Z      1     3.1    0.1     3.0
The most frequent letter is O at 12.5%