Letter Freq  Freq% AvgFreq%  Diff
  A      0     0.0    8.2    -8.2
  B     12     2.7    1.5     1.2
  C      0     0.0    2.8    -2.8
  D      5     1.1    4.3    -3.2
  E      7     1.6   12.7   -11.1
  F     14     3.2    2.2     1.0
  G     37     8.4    2.0     6.4
  H     38     8.6    6.1     2.5
  I     28     6.4    7.0    -0.6
  J      0     0.0    0.2    -0.2
  K      9     2.0    0.8     1.2
  L     24     5.5    4.0     1.5
  M     25     5.7    2.4     3.3
  N     20     4.5    6.7    -2.2
  O     18     4.1    7.5    -3.4
  P      2     0.5    1.9    -1.4
  Q      1     0.2    0.1     0.1
  R     19     4.3    6.0    -1.7
  S     17     3.9    6.3    -2.4
  T      5     1.1    9.1    -8.0
  U      4     0.9    2.8    -1.9
  V     73    16.6    1.0    15.6
  W     15     3.4    2.4     1.0
  X     12     2.7    0.2     2.5
  Y     10     2.3    2.0     0.3
  Z     45    10.2    0.1    10.1
The most frequent letter is V at 16.6%